20
6 4
1 0 17 9
7 0 17 0
9 2 8 -9
12 4 17 -1
14 0 9 2
19 4 13 3
6 5
9 -7
15 -1
16 -2
5 4
0 0 7 9
2 2 7 -4
5 0 16 5
6 3 6 -8
12 2 6 4
2 -3
4 4
10 -3
11 8
5 3
8 0 8 2
9 0 16 1
14 2 14 1
16 2 12 -7
17 0 10 -7
7 0
10 6
16 3
8 4
0 3 7 6
3 1 12 0
5 2 19 8
6 3 12 -9
10 1 7 -5
14 0 9 4
15 2 16 3
18 3 18 7
2 7
5 7
11 0
16 -7
6 3
0 2 10 7
2 0 8 -7
6 2 9 8
16 1 9 2
17 0 8 5
19 2 10 7
7 6
9 2
13 3
6 3
3 0 11 -9
4 0 11 4
13 2 16 -9
15 2 14 1
16 0 11 -6
19 2 19 -5
10 -3
11 0
16 -1
3 3
5 0 5 6
8 0 7 2
15 2 5 6
1 4
13 1
16 6
4 4
1 2 3 -7
3 3 6 6
14 0 16 -3
17 2 10 -5
3 2
5 0
8 0
16 -7
6 3
3 0 9 5
4 0 19 7
6 1 14 -3
12 1 9 6
15 1 19 6
19 1 18 8
3 2
11 -1
13 5
5 4
3 1 14 7
6 0 12 3
9 2 8 7
14 3 16 0
16 2 13 1
8 -7
9 -5
13 -9
16 -7
8 3
2 3 8 1
5 2 3 5
7 3 8 6
10 2 14 8
13 3 3 0
15 0 15 -7
17 2 4 7
19 0 8 6
2 6
13 -1
18 9
5 4
8 1 17 8
13 0 15 -1
14 3 17 7
16 1 4 9
17 3 18 4
0 6
4 0
7 9
8 7
3 3
2 2 17 -8
10 0 13 6
11 1 16 9
7 -1
10 -2
13 5
9 3
4 2 15 5
5 1 8 1
7 2 6 9
8 0 10 -3
13 2 7 -7
14 1 7 7
16 1 13 6
17 2 6 -8
19 2 18 -3
3 -4
5 6
18 5
4 3
3 2 6 -2
7 0 11 -6
8 2 4 5
11 3 9 3
2 -6
3 0
13 6
8 4
4 2 9 -2
5 0 13 4
8 0 1 7
13 2 11 -3
14 3 16 5
15 3 14 9
16 4 17 7
18 0 5 5
0 -7
10 4
16 4
19 2
6 3
4 3 11 0
8 0 14 6
10 0 10 -2
15 3 16 8
17 3 10 3
18 0 14 8
1 -9
2 8
6 -3
4 3
3 2 9 5
9 0 14 9
18 0 19 9
19 3 11 6
9 0
11 3
17 -1
8 4
0 0 11 2
2 4 6 8
3 1 1 -3
5 1 19 -4
7 0 4 0
8 1 16 -5
9 0 15 -3
18 1 7 5
0 0
3 4
7 0
16 7
6 3
1 1 10 8
3 2 12 -8
8 3 19 -8
12 0 15 3
16 1 19 -5
19 3 12 7
6 3
9 7
11 -1
