10
8 4
1 4 19 -9
5 2 7 -2
10 4 14 0
12 2 3 -2
14 1 17 3
15 4 16 9
16 0 18 3
19 1 10 4
3 -7
8 8
17 4
18 -9
9 3
0 1 9 2
4 0 2 9
7 1 7 0
12 3 4 5
14 2 2 4
16 1 18 3
17 2 11 6
18 0 13 0
19 0 14 2
1 7
7 9
17 7
9 4
0 4 6 3
1 0 8 2
6 4 6 -7
7 1 2 4
8 2 12 6
9 4 8 -1
11 2 3 -7
16 3 7 4
17 0 18 9
0 3
4 -5
16 -8
17 -5
4 4
8 1 8 2
12 1 17 7
13 0 4 7
16 0 5 0
1 0
4 9
13 5
15 4
8 4
0 3 17 6
3 1 11 -1
4 3 16 -4
8 3 9 -5
9 4 7 3
10 1 9 -4
13 2 8 3
16 4 6 6
1 6
4 0
8 0
12 0
5 3
0 3 18 -2
13 3 3 -6
15 1 1 -1
16 1 5 1
19 0 18 2
0 6
3 -6
4 -7
8 4
0 0 5 0
2 3 14 4
7 0 14 2
9 3 19 3
10 0 15 3
15 4 11 9
16 0 0 6
17 0 1 9
0 0
1 5
9 -7
14 5
8 4
2 2 19 5
3 1 14 6
4 0 15 3
5 1 10 4
11 4 7 6
14 4 14 2
15 2 10 0
19 3 8 1
4 3
12 -8
13 0
18 -2
6 4
0 2 11 2
1 3 9 7
3 4 8 3
6 1 19 5
9 4 6 1
12 0 18 -7
4 2
6 2
12 -1
13 9
9 4
2 1 18 0
7 1 4 5
8 3 5 0
10 4 7 3
13 4 12 4
14 4 18 4
15 4 9 -5
16 4 9 2
19 1 17 -7
3 -9
6 8
12 9
13 -5
