10
3 3
6 0 3 -7
17 3 4 3
19 2 17 0
0 1
6 9
14 5
5 3
0 0 10 -4
2 3 15 -7
8 3 9 0
11 2 16 -8
13 1 16 5
8 -4
15 1
19 -7
4 4
6 3 14 5
7 0 18 -5
12 0 8 5
13 4 8 5
7 -5
8 -8
16 -5
19 -2
9 4
0 2 3 3
1 0 7 -6
3 2 19 0
8 2 12 2
10 2 6 2
12 0 12 3
14 4 12 0
17 2 12 6
18 4 4 5
2 -2
4 5
9 7
13 6
5 4
0 3 15 0
1 1 14 2
5 3 13 6
8 0 12 7
17 1 12 1
5 2
12 6
17 -2
19 2
4 3
5 0 5 8
8 0 10 6
14 0 14 7
17 1 6 0
1 0
12 -1
16 -5
7 3
3 0 10 2
4 1 17 2
7 3 14 -6
8 0 10 3
11 0 6 5
15 3 16 2
19 1 8 6
4 7
5 4
9 0
8 4
3 4 6 -7
4 4 5 -7
5 2 7 9
6 4 5 4
8 3 9 1
10 0 3 9
18 0 5 -6
19 0 7 5
0 0
4 1
11 -2
13 2
4 3
0 1 4 -5
1 1 8 3
10 1 14 -1
11 0 17 -1
1 -6
10 8
15 3
9 4
0 0 15 1
3 2 11 1
10 1 14 -8
14 0 13 -1
15 3 10 5
16 3 19 7
17 1 10 1
18 2 12 4
19 3 17 -6
3 -4
12 2
13 -6
16 4
